4.600000000000000000e+01 0.000000000000000000e+00 1.600000000000000000e+01 2.562999999999999901e+01 8.000000000000000000e+00
4.608313165825631330e+01 -1.239081890198710269e-03 1.948239788960703578e+01 2.561465034675423169e+01 9.346363818042608074e+00
4.517859976794866128e+01 1.998103256492089492e-03 2.540205751556857550e+01 2.560855390951305210e+01 9.810331996503171226e+00
4.408230690783343420e+01 3.042994088657822657e-03 3.192736539507940208e+01 2.561055511879010638e+01 9.212344520794605529e+00
4.304576005652860005e+01 6.955556344423607582e-03 3.905538781529561021e+01 2.561431367293914008e+01 8.076319324843922232e+00
4.203332368885581616e+01 7.914675331861773661e-03 4.351234717301981902e+01 2.561966281894503794e+01 7.265474847308951212e+00
4.096045992419257686e+01 9.082960047198867376e-03 4.752777914760203259e+01 2.563149298046131719e+01 7.597781493652966844e+00
4.021030359862307790e+01 1.208064949152121148e-02 4.891079532450383738e+01 2.563796108974770149e+01 7.580598988523577830e+00
3.959216054463692558e+01 1.068685604570320490e-02 5.064444397811873699e+01 2.564203986966259663e+01 9.123786786205368315e+00
3.876315355770496751e+01 6.761674842009778377e-03 5.224870360996141727e+01 2.564418850484845436e+01 9.024004778947880112e+00
3.799530079704232577e+01 7.494244593288850072e-03 5.389232819001960451e+01 2.565303116513079829e+01 8.761097037761011563e+00
3.725752590809993592e+01 7.621182778369186596e-03 5.496978520853516414e+01 2.565765733724689213e+01 9.534365755858889457e+00
3.679029955066411617e+01 6.796133283857998947e-03 5.501260833840758835e+01 2.565973221692123474e+01 8.522272081834287860e+00
3.625489720321632348e+01 4.566866811773991931e-03 5.707349391764878277e+01 2.566528165730575139e+01 6.261038742586968020e+00
3.583347242304083125e+01 4.386496527555619127e-03 5.739970466133212312e+01 2.567312141322063113e+01 5.729579434442188202e+00
3.603878843918604247e+01 -5.485109484637614059e-04 5.770317323281964406e+01 2.568364634329407536e+01 6.814944637750906864e+00
3.685740383663158326e+01 5.445077517132704704e-04 5.691289815152771325e+01 2.570256024992157862e+01 7.146693002195385169e+00
3.836925475951207432e+01 -1.263989331226782632e-03 5.210205376331659011e+01 2.572575802455372340e+01 7.947716683398486914e+00
3.997866179789800611e+01 -1.462365040421621971e-03 4.620537711590289121e+01 2.574210903009921125e+01 9.562012615306885621e+00
4.160855668036786170e+01 -1.563824138853831761e-03 3.945184180443377642e+01 2.574543941359332777e+01 9.075850828074408128e+00
4.315797466379411418e+01 -1.519258684886205368e-03 3.521499380481734676e+01 2.574007900920441827e+01 8.559655863179148838e+00
4.420212111481509965e+01 -1.095746282052115911e-03 3.144772018451976336e+01 2.573343114529741982e+01 9.111550884700784891e+00
4.507672958231571414e+01 1.284406140423656299e-03 3.009941342748243898e+01 2.572037408399416591e+01 1.038379083193405705e+01
4.576867220771748634e+01 3.015126764495441262e-03 2.833694100423875639e+01 2.570638023320365662e+01 1.103288717287305332e+01
4.587152866315908994e+01 3.693513863547661594e-03 2.917350145263015193e+01 2.569693828950214609e+01 1.175806968935006935e+01
4.587020230135442489e+01 3.782440789496096731e-03 3.242391448170125301e+01 2.569079041225611348e+01 1.142284700255357777e+01
4.537517903573462519e+01 7.675682567557791207e-03 3.594410114480245966e+01 2.568653799522270020e+01 1.215211945339914834e+01
4.455821024331277869e+01 7.103026225519299547e-03 4.001816119988336595e+01 2.568604210897854045e+01 1.067380477393894367e+01
4.389565057907955037e+01 3.141425608365482763e-03 4.346672413071429020e+01 2.568849822919012738e+01 8.454950822843164460e+00
4.295430179760150224e+01 3.281309811481517881e-03 4.700055318261974691e+01 2.569112868849550679e+01 8.145888714922723040e+00
4.244248829219426256e+01 1.511679643691412819e-03 4.952464481786201844e+01 2.569776120642791284e+01 7.717115210228481459e+00
4.199753820092845302e+01 9.760459020915466816e-04 5.095576358424693808e+01 2.570246201136518494e+01 8.353984873629777042e+00
4.126038830351116360e+01 -4.506342934441171996e-04 5.106272348894127333e+01 2.570454067815174781e+01 8.314968858129374141e+00
4.054651909650298336e+01 -2.760361558686851360e-03 4.959890851732728123e+01 2.570245801918244766e+01 9.189662700545698115e+00
4.019172812221204794e+01 -3.456313136424667490e-03 4.845516895627819309e+01 2.569968738960237076e+01 9.358082940615121359e+00
4.032226677048726771e+01 -5.405631311425603339e-03 4.645494878610541178e+01 2.569895636114150861e+01 9.711841960429607568e+00
4.011086143989032138e+01 -2.904120914730265110e-03 4.778156746733328930e+01 2.569638966711648109e+01 9.857168106805211494e+00
4.004193027932878124e+01 -2.735734078703703359e-03 4.832503647966852611e+01 2.569414246289468551e+01 9.084787243357146380e+00
3.983194368609328961e+01 -2.131917040048994603e-04 4.863690038175857211e+01 2.569844334992636092e+01 8.643203531687523977e+00
3.988694465410364387e+01 2.344827992099928968e-03 5.004923356230036546e+01 2.570391923648028154e+01 9.066949970309703843e+00
4.045011793737297268e+01 3.422678693852060621e-03 4.927010429414699644e+01 2.571131597431465465e+01 1.002922254862615148e+01
4.176636164257679695e+01 4.388138682726038658e-03 4.367915519293521243e+01 2.572304244007080243e+01 1.135658960271183737e+01
4.382883517251731575e+01 5.307945481208263885e-03 3.774578709547675714e+01 2.572889712038638521e+01 1.026272130468319510e+01
4.530549350078526061e+01 3.652262606933839861e-03 3.203528601374661378e+01 2.572802531793270830e+01 1.178693545667156073e+01
4.621333515083507137e+01 4.117979417590050123e-03 2.807762962875952084e+01 2.571955092602154380e+01 1.180652673895931137e+01
4.708241203649396311e+01 3.806276253274279518e-03 2.578587578877552389e+01 2.570995058150780821e+01 1.121076045593956927e+01
4.747330013789054703e+01 5.674324574788234057e-03 2.489813895007913658e+01 2.569595351983491938e+01 1.237178691508561457e+01
4.816050467559534809e+01 5.528956610801433538e-03 2.458748513572093586e+01 2.568025969136838782e+01 1.249044194705538580e+01
4.817790705748384994e+01 4.636698027384714149e-03 2.599415981769671191e+01 2.566610653920590579e+01 1.249206908170704899e+01
4.781012838630839212e+01 3.907901976807462256e-03 2.877915018797570923e+01 2.565864196502772643e+01 1.288860482504544791e+01
4.688387112541924040e+01 3.819857991642275092e-03 3.281541591683895120e+01 2.565504393234935065e+01 1.218530276634449194e+01
4.589060370996404004e+01 7.153408175148247457e-03 3.862444543797879248e+01 2.565820952100441588e+01 1.107638755868025981e+01
4.457013704904066032e+01 6.119594305173854838e-03 4.390654953130257354e+01 2.566461986137300855e+01 9.361380633909336169e+00
4.359627222043017980e+01 5.192695817535095820e-03 4.906990803692099234e+01 2.567387095945032982e+01 8.612832553254801127e+00
4.281426380732132486e+01 4.711830249683380059e-03 5.226323222184373662e+01 2.568598786746122542e+01 8.425887645033386164e+00
4.178438094307573181e+01 4.358330675384646316e-03 5.493564991032124567e+01 2.569400020030237286e+01 8.790151347002701954e+00
4.108895124987679282e+01 5.612772058421184804e-03 5.671202168810986421e+01 2.569941340684766118e+01 8.880582850150403829e+00
4.036230865240419519e+01 4.641164061874945845e-03 5.761954298469068192e+01 2.569942672661087713e+01 7.930393289081467678e+00
3.991540084042152614e+01 5.740214288949319760e-03 5.980436564697450308e+01 2.570184834880181413e+01 8.035300171811641690e+00
3.948718056600134219e+01 3.589249939543784004e-03 6.105577373771313177e+01 2.570453393268234166e+01 8.408622764701259911e+00
3.923185176174227706e+01 4.211075822581247796e-03 6.291137516387930617e+01 2.570668384879323654e+01 7.902485086083344434e+00
3.847726649482649464e+01 4.909722192889565476e-03 6.377255859246517389e+01 2.570837459855211549e+01 7.848396222464114835e+00
3.822785458938297865e+01 6.285835457576796799e-03 6.431534686993613548e+01 2.571321393032012992e+01 7.422800331812514862e+00
3.801838664002492152e+01 6.485771295045898721e-03 6.419461677043442194e+01 2.571893020540003150e+01 7.857873268607416861e+00
3.838939297726248867e+01 5.091027766584460545e-03 6.272978410756718404e+01 2.572652160829809276e+01 8.253536184536478970e+00
3.961318754273528242e+01 6.247504307991125737e-03 5.781696087184521105e+01 2.573622831321984705e+01 8.738916703816494547e+00
4.119475220467322885e+01 6.027229021182492659e-03 5.104930143824397248e+01 2.574281460456418813e+01 8.504931034978955751e+00
4.263690680261600363e+01 5.201123814854477501e-03 4.502469093345909101e+01 2.573989296570163177e+01 8.254068601122698468e+00
4.395047160103194273e+01 3.410645056993110661e-03 4.016718864213514451e+01 2.572790390093021529e+01 8.632496746286978606e+00
4.479843584127930001e+01 2.265741534315564819e-03 3.674327274185192493e+01 2.571351518760407728e+01 9.047976632744688885e+00
4.565176303187094931e+01 4.105341342866243408e-03 3.563832321729263697e+01 2.569718164128844506e+01 9.515516159102237026e+00
4.609971859841898834e+01 4.712159250379811121e-03 3.552944625873098516e+01 2.568491770822596720e+01 9.742494105879982769e+00
4.627650827222390717e+01 4.393094421874881549e-03 3.780385388840005589e+01 2.567645327777432485e+01 9.178151390844620394e+00
4.605138842737403593e+01 5.153063066290260001e-03 4.104417873664795735e+01 2.567097790566841908e+01 8.718312456917471920e+00
4.516925328515613813e+01 6.189077775895534747e-03 4.537806766221193300e+01 2.566866417091848618e+01 8.188416361461367643e+00
4.403446277337896220e+01 6.180831925469859080e-03 5.080271394959304843e+01 2.567160462385114883e+01 7.864099106431677200e+00
4.309415315423903792e+01 7.169601890925155971e-03 5.579717671682917057e+01 2.567622555133115725e+01 7.204895798765805104e+00
4.237872592307538611e+01 5.164554785676667842e-03 5.904639899957428639e+01 2.568243457306276412e+01 6.228051298521011248e+00
4.154669399308430400e+01 6.443228129097194369e-03 6.231290153376628638e+01 2.569009450174777598e+01 6.356914719418175430e+00
4.091544095368521283e+01 4.060421836866130035e-03 6.411053819833209388e+01 2.569719728750561671e+01 6.674145773097377443e+00
4.033809305953757729e+01 3.681628448726563876e-03 6.598605884036537361e+01 2.570071162831830591e+01 5.978199428828466111e+00
4.000663330510232640e+01 2.408388532350666175e-03 6.757842513581987021e+01 2.570092168338754135e+01 7.046882875114336642e+00
3.955073043240295760e+01 2.823712940958271727e-03 6.882004030927623717e+01 2.570593490460057140e+01 7.881600262946686364e+00
3.912525281586101045e+01 5.648388994793585027e-03 7.054817331983247186e+01 2.570841607251772842e+01 7.462655166901206449e+00
3.872407587529298922e+01 5.179851195754883730e-03 7.023559726603795639e+01 2.570786456449333457e+01 7.069287003459207241e+00
3.830285486607233025e+01 5.474598192758227573e-03 7.047177951627378434e+01 2.571256572504810123e+01 6.393528739428601781e+00
3.773142010840194871e+01 4.329054261328880125e-03 7.137398438207640083e+01 2.572019937520507682e+01 6.925684540412179402e+00
3.753046573672332897e+01 4.791871326204863099e-03 7.295835342681957059e+01 2.572905896023508276e+01 7.361139935640112597e+00
3.785332914941243132e+01 4.563036273521984924e-03 7.163679025442901604e+01 2.574282291463339334e+01 7.984383342579739917e+00
3.883454917543311069e+01 4.630297500989822776e-03 6.877879384637253679e+01 2.575866755980713307e+01 8.241670515774915273e+00
4.004809732429848168e+01 6.021569802602324065e-03 6.400596209348134380e+01 2.577003479386100437e+01 9.405299612235301865e+00
4.106746107724982409e+01 6.640122155954104703e-03 5.810932163334064171e+01 2.577376268756218991e+01 9.064680001479208826e+00
4.199681423878247699e+01 6.858336021551606453e-03 5.229100825893794990e+01 2.577177917831481224e+01 9.232969771019948979e+00
4.252670144368778438e+01 5.259846287482937074e-03 4.862867972884142631e+01 2.576800228189691921e+01 9.926935209525790782e+00
4.302721599464602775e+01 5.357995113305299983e-03 4.534595951920544366e+01 2.576037037876018232e+01 9.952524433180238717e+00
4.320222183337516952e+01 7.340937525748537223e-03 4.492006489185306606e+01 2.575309499339264718e+01 1.095301162610035917e+01
