0.000000000000000000e+00
4.166666666666666435e-02
8.333333333333332871e-02
1.250000000000000000e-01
1.666666666666666574e-01
2.083333333333333426e-01
2.500000000000000000e-01
2.916666666666666852e-01
3.333333333333333148e-01
3.750000000000000000e-01
4.166666666666666852e-01
4.583333333333333148e-01
5.000000000000000000e-01
5.416666666666666297e-01
5.833333333333333703e-01
6.250000000000000000e-01
6.666666666666666297e-01
7.083333333333333703e-01
7.500000000000000000e-01
7.916666666666666297e-01
8.333333333333333703e-01
8.750000000000000000e-01
9.166666666666666297e-01
9.583333333333333703e-01
1.000000000000000000e+00
1.041666666666666741e+00
1.083333333333333259e+00
1.125000000000000000e+00
1.166666666666666741e+00
1.208333333333333259e+00
1.250000000000000000e+00
1.291666666666666741e+00
1.333333333333333259e+00
1.375000000000000000e+00
1.416666666666666741e+00
1.458333333333333259e+00
1.500000000000000000e+00
1.541666666666666741e+00
1.583333333333333259e+00
1.625000000000000000e+00
1.666666666666666741e+00
1.708333333333333259e+00
1.750000000000000000e+00
1.791666666666666741e+00
1.833333333333333259e+00
1.875000000000000000e+00
1.916666666666666741e+00
1.958333333333333259e+00
2.000000000000000000e+00
2.041666666666666519e+00
2.083333333333333481e+00
2.125000000000000000e+00
2.166666666666666519e+00
2.208333333333333481e+00
2.250000000000000000e+00
2.291666666666666519e+00
2.333333333333333481e+00
2.375000000000000000e+00
2.416666666666666519e+00
2.458333333333333481e+00
2.500000000000000000e+00
2.541666666666666519e+00
2.583333333333333481e+00
2.625000000000000000e+00
2.666666666666666519e+00
2.708333333333333481e+00
2.750000000000000000e+00
2.791666666666666519e+00
2.833333333333333481e+00
2.875000000000000000e+00
2.916666666666666519e+00
2.958333333333333481e+00
