5.500000000000000000e+01 0.000000000000000000e+00 9.400000000000000000e+01 2.780999999999999872e+01 0.000000000000000000e+00
5.462410584341174768e+01 4.677475086942512600e-03 9.390852422931877186e+01 2.781393040559712304e+01 6.675502271108131325e-01
5.460487942206600565e+01 5.318372568718825535e-03 9.297617999189310467e+01 2.781867684585360578e+01 5.176776566605783003e-01
5.511673805638925216e+01 1.047974882143459970e-02 9.158800915741613835e+01 2.782484119711822501e+01 1.241349683431411499e+00
5.586338494574842883e+01 5.506090537147257172e-03 8.764196514546797800e+01 2.783025344880777041e+01 1.139471092006644870e+00
5.718978323423560539e+01 6.337397854874395053e-03 8.144273257710514713e+01 2.783708461818340041e+01 2.030328402861674153e+00
5.804928268280434622e+01 -1.569651963793240561e-03 7.636451162896428002e+01 2.783809632887107099e+01 3.293928073515698607e+00
5.855877425158251981e+01 3.437633217455104973e-03 7.091490287150794813e+01 2.783103887378094043e+01 3.347215149457023919e+00
5.913269613410520265e+01 4.755138840596626927e-03 6.686328916649081577e+01 2.782320901017957127e+01 3.943872125414289442e+00
5.958572078282803375e+01 1.793215315063389353e-02 6.513854639016273040e+01 2.781150168565154246e+01 4.173906063045701664e+00
6.002267580314039463e+01 1.373484538728476922e-02 6.300527596006588027e+01 2.779570277512665299e+01 4.085303476349321450e+00
6.046915985625118140e+01 9.868307980383591790e-03 6.324561987238629968e+01 2.778641552373916213e+01 4.597503741437261482e+00
6.010504952417142732e+01 6.277135313605769484e-03 6.325087898481874049e+01 2.778478937803450322e+01 4.847531553500429524e+00
5.947218725794336081e+01 1.010026049293328079e-02 6.655148384527583971e+01 2.778662688146944149e+01 3.902052455831242384e+00
5.878778913980914922e+01 7.493540480537835141e-03 7.133676892678809622e+01 2.779271522088320978e+01 3.687869721771140696e+00
5.827093981022881763e+01 8.039293293416531830e-03 7.693264989031537482e+01 2.780370090566160357e+01 3.101532350216789524e+00
5.737551943421448897e+01 5.687718480432854551e-03 8.270167207078678473e+01 2.782112545286070926e+01 2.664994800330120484e+00
5.694986153535779749e+01 2.179444222741789422e-03 8.548126479598489880e+01 2.783481294189622091e+01 2.450896420196397862e+00
5.652505184952323702e+01 1.804049344298636753e-04 8.634473214288564691e+01 2.784553345293988968e+01 3.521615545075760689e+00
5.616239655233208339e+01 6.913346533166765846e-03 8.750480276616443120e+01 2.785278794931853952e+01 3.274745339572243452e+00
5.552297004197710351e+01 1.621717084132871410e-03 8.908289330537813555e+01 2.785593122872016991e+01 3.109575649005107856e+00
5.491045427166397275e+01 9.487230839462745119e-03 8.924224559959327507e+01 2.785674147162928094e+01 3.073526434296324439e+00
5.428469589960364061e+01 5.742603327723587621e-03 8.915484409557490153e+01 2.785752250581501954e+01 2.415445078384081512e+00
5.346123172376097443e+01 7.352160529933266485e-03 8.862616534446593164e+01 2.786060024297209381e+01 2.426202551016146458e+00
5.322045802265792958e+01 1.487719562928892930e-03 9.012468793504669407e+01 2.786329073336101914e+01 2.400088597674140622e+00
5.277455605283458340e+01 7.900427557785201504e-03 9.036213319458865101e+01 2.787348488024746018e+01 1.290369443814719741e+00
5.293204040354444118e+01 -1.469538223310901288e-03 8.911367138202196259e+01 2.788576490702851629e+01 2.376881213039043317e+00
5.321962521131250412e+01 5.043423254610212257e-03 8.845518502705566277e+01 2.789669995460857876e+01 2.510378695220610190e+00
5.421064270772481564e+01 2.146839124369890033e-03 8.468895796202697568e+01 2.790833064215359371e+01 2.861726156240246066e+00
5.518460573827461957e+01 2.405240090019473108e-03 7.976767937683958110e+01 2.791579793248101282e+01 3.235403715581873119e+00
5.596187990697703185e+01 7.098955486797072813e-03 7.372700507190614871e+01 2.791852793459859683e+01 3.763229247833494551e+00
5.638115343354143505e+01 2.095385298921869852e-03 6.882891893892964674e+01 2.791602328917609199e+01 3.808183399236456879e+00
5.668585081574063622e+01 8.538122132270002662e-03 6.445134380552154596e+01 2.791104375897931078e+01 4.968678276501233171e+00
5.724661703427777582e+01 4.371485566811701348e-03 6.132584021596861845e+01 2.790003065568453522e+01 5.079445998570630394e+00
5.750203059264190131e+01 4.888365853490699540e-03 5.716691822484115448e+01 2.788631328902048168e+01 5.744674520625711267e+00
5.758819776168931526e+01 -4.878692505582318643e-03 5.599126892046689363e+01 2.787861448359460326e+01 5.368369802438056837e+00
5.760264792228404218e+01 1.235859022885881084e-03 5.815933218135677407e+01 2.787853000799443137e+01 5.562549423196569087e+00
5.671300063175095829e+01 2.151452089668309548e-03 6.259096226564146548e+01 2.788169047366078956e+01 5.325527562216439748e+00
5.602126877700901275e+01 -7.900941213391530007e-04 6.711766772024880368e+01 2.788686496599351017e+01 4.431445840720577678e+00
5.535835728580974546e+01 4.978001546679875974e-03 7.205907820982842793e+01 2.789754532732566972e+01 3.858636028677558727e+00
5.465189020578968382e+01 3.201596229015838974e-03 7.676043450746048791e+01 2.791062140762613097e+01 3.215774549865508813e+00
5.406538133756846065e+01 2.120710443680241027e-03 7.849372456152765665e+01 2.792354936078464434e+01 3.846834367422420353e+00
5.373525817815475847e+01 5.119582280647526178e-03 7.827553264123282872e+01 2.793005105147034683e+01 3.882956174442155017e+00
5.335408998112192336e+01 7.938784099938185276e-03 7.786166140971083394e+01 2.793264318105354249e+01 3.807265250727680961e+00
5.284913410262957711e+01 7.623583827945622400e-03 7.767600743716543832e+01 2.793030707749700525e+01 3.580813737062501723e+00
5.249570682731055626e+01 3.002628077894270268e-03 7.692527391153306837e+01 2.793010723748224322e+01 3.856596164322654730e+00
5.241910628370073510e+01 3.413424498138243300e-04 7.622430397930510537e+01 2.792827177805059335e+01 4.094450358270163903e+00
5.202238269921671332e+01 -8.938386516344760772e-04 7.592859365223792167e+01 2.792989274986425485e+01 4.175649050729830059e+00
5.173342648446293879e+01 -2.520495166574753323e-04 7.712975620821644895e+01 2.793225513797136728e+01 3.805486509210880719e+00
5.146527959461990775e+01 -3.561529552001589313e-03 8.001710439136444108e+01 2.794040415172740666e+01 3.798718404277238392e+00
5.138853693207332896e+01 2.222308767174577867e-03 8.157927293754545417e+01 2.795527176758441001e+01 3.101447047746352936e+00
5.199802166787929281e+01 -1.525617270871809303e-03 8.199926120689951858e+01 2.796866168192672930e+01 3.099164760945539498e+00
5.286194485469671633e+01 3.867455457599298409e-04 8.009127765435742674e+01 2.797754863754819254e+01 3.863595170588725480e+00
5.336903045273241020e+01 3.691411921332200547e-03 7.756121720325458568e+01 2.798397104180993722e+01 3.998879421160103753e+00
5.403878239428870245e+01 2.236953037644579586e-03 7.391883430365031415e+01 2.798193748355083343e+01 4.190302396155359155e+00
5.430694289292249977e+01 2.703541613306446705e-03 7.149031604681718477e+01 2.798021113236942981e+01 4.159434779377820135e+00
5.471973650323693761e+01 -8.296797209824519591e-04 6.791332299763450919e+01 2.797086066864899578e+01 4.478099605813461892e+00
5.527821144652595109e+01 9.065883149083808074e-03 6.629387255482251362e+01 2.795933880124871251e+01 4.743731145977027275e+00
5.592566798149147189e+01 6.461713616744789793e-03 6.456795451077952919e+01 2.794393741632228512e+01 5.361873528670273004e+00
5.617156023826003519e+01 1.290640739657886171e-02 6.345496339188824209e+01 2.793544799220352104e+01 4.683500162996913296e+00
5.575019704893109918e+01 3.950873910285699828e-03 6.385778257498111543e+01 2.793235569239940830e+01 4.699091385782240060e+00
5.482207844296856791e+01 1.336259068689874679e-02 6.757836410667641758e+01 2.793461322852610351e+01 4.074972631449528038e+00
5.435379447905908989e+01 6.360268068384798343e-03 7.092930642296153110e+01 2.794004216234475635e+01 3.638655101565606564e+00
5.396112245827881537e+01 1.759466017371987641e-03 7.409445130246038502e+01 2.794671402045626962e+01 2.448436422152515668e+00
5.385257794872649129e+01 8.810363597814764580e-03 7.810012929853802177e+01 2.795755867655475058e+01 2.214514179794479176e+00
5.368493597908261705e+01 6.298987704784457173e-03 8.109028048798043642e+01 2.796601504550620376e+01 2.391734355887340513e+00
5.361424312078507626e+01 9.662756368315213173e-03 8.134765783861691091e+01 2.796400478557965741e+01 2.372654818928061182e+00
5.371465776666112646e+01 5.162009958003432181e-03 8.223526702674213595e+01 2.795986946994352706e+01 2.968746706802876556e+00
5.343469964165318942e+01 7.438614274350791727e-03 8.280487472100638513e+01 2.795712093941942555e+01 3.084638534891710027e+00
5.287098598149871265e+01 1.291579577970668018e-03 8.403979061967712028e+01 2.795128562004989448e+01 3.274292869899667391e+00
5.241179522314454431e+01 3.651189228020035142e-03 8.471805080875884642e+01 2.794632554060649809e+01 3.385709398294530548e+00
5.218235248333119358e+01 1.616430892231261610e-03 8.615819567523055866e+01 2.794631805566712401e+01 3.422959079983840081e+00
5.184469619138124585e+01 1.598975027085007506e-03 8.858337750114759501e+01 2.794880845679833570e+01 2.432577182315887931e+00
5.150041387200348453e+01 4.833416432723814347e-03 9.077186780679613776e+01 2.795498281840314547e+01 2.694467359574804988e+00
5.133101804730107176e+01 5.967101911874215722e-03 9.177867222784988144e+01 2.796311916373327833e+01 2.627657780796780251e+00
5.166991901393901543e+01 2.444532973882012489e-05 9.124901244743119832e+01 2.797491943044013851e+01 2.513843492102660893e+00
5.259488628659165244e+01 6.617676736015554347e-03 8.823409539281725245e+01 2.798318802386121362e+01 2.556175708624852660e+00
5.353144628976108521e+01 5.061346488693822809e-03 8.221927881694850271e+01 2.798729063247125026e+01 3.641454443752414782e+00
5.414117913615160660e+01 1.109321853690607707e-02 7.685712166090412722e+01 2.798662615411894450e+01 4.069620393794808777e+00
5.479908818180999219e+01 1.405364713041809543e-02 7.292773141151586458e+01 2.797986659017679401e+01 4.627012173179400278e+00
5.501097814937826769e+01 1.506618650184067543e-02 6.920663500326980966e+01 2.797049861810371851e+01 4.539529707523427327e+00
5.557614779723458298e+01 1.002793753342615980e-02 6.595761057979359521e+01 2.795651695194220565e+01 4.846949683665378927e+00
5.617000028766678099e+01 9.746643679721474565e-03 6.381009974152925679e+01 2.794202212040114475e+01 4.470719656501757733e+00
5.638504130576821183e+01 6.579249912908761294e-03 6.462465371612618981e+01 2.793162707737599604e+01 4.849865160990474600e+00
5.629440003640245749e+01 8.482330170152058840e-03 6.682688490107041446e+01 2.792953678130571404e+01 4.460585799787403438e+00
5.597283043396399194e+01 5.255123078588501591e-03 6.927602323086401270e+01 2.793007368253016054e+01 4.098971910656988626e+00
5.558995567492515022e+01 1.019223358130783019e-02 7.422260502502470558e+01 2.793708548500006827e+01 3.415883142097884573e+00
5.524919456887964486e+01 7.034412543589400359e-03 7.853654199559534277e+01 2.794256359232598541e+01 2.878841343656962426e+00
5.532718237594490063e+01 4.837088840493195679e-03 8.130217006387366041e+01 2.795100014377542763e+01 2.522683833403155163e+00
5.554775444442829269e+01 1.753680165476620770e-04 8.213899426247172642e+01 2.795674405580110289e+01 2.586957027479651394e+00
5.582277196228948668e+01 6.201962436224004067e-04 8.194300436860928016e+01 2.795563867829013915e+01 2.760013314416046359e+00
5.604056549027979628e+01 9.020736017063754608e-04 8.308344149614981689e+01 2.795331631107660186e+01 3.250496527481251618e+00
5.624368393156697721e+01 -3.280769497178349058e-03 8.408381931638355411e+01 2.794791745780479886e+01 3.121174168580906017e+00
5.596909142604218346e+01 -4.369671439247467710e-03 8.494200950006222683e+01 2.793846276755006031e+01 3.148279236590043162e+00
5.549358268856100551e+01 -1.145381076754448287e-03 8.624736917620882082e+01 2.793535331956380929e+01 2.970977023153252183e+00
5.528415247096722851e+01 4.876714715180532726e-03 8.721786451614855196e+01 2.793530111676347616e+01 3.108760635026104335e+00
